[0, 274, 358, 332, 356, 448, 402, 415, 564, 395, 70, 273, 293, 386, 470, 516, 591, 599, 558, 628, 948, 943, 1001]
[274, 0, 149, 149, 226, 457, 512, 578, 722, 585, 335, 538, 540, 620, 653, 783, 843, 833, 788, 813, 1064, 1073, 1189]
[358, 149, 0, 34, 103, 360, 459, 547, 677, 570, 402, 586, 648, 736, 787, 826, 863, 836, 789, 781, 984, 1001, 1148]
[332, 149, 34, 0, 81, 333, 426, 512, 644, 535, 372, 553, 623, 713, 769, 792, 828, 801, 754, 747, 956, 971, 1115]
[356, 226, 103, 81, 0, 256, 365, 461, 584, 492, 383, 545, 649, 743, 814, 774, 798, 761, 715, 691, 881, 899, 1054]
[448, 457, 360, 333, 256, 0, 170, 283, 363, 337, 431, 501, 702, 799, 911, 678, 659, 597, 552, 479, 625, 644, 819]
[402, 512, 459, 426, 365, 170, 0, 112, 218, 168, 360, 365, 602, 696, 829, 514, 488, 427, 382, 327, 558, 563, 689]
[415, 578, 547, 512, 461, 283, 112, 0, 150, 64, 358, 300, 561, 650, 795, 411, 377, 314, 269, 236, 535, 528, 611]
[564, 722, 677, 644, 584, 363, 218, 150, 0, 178, 505, 415, 686, 768, 921, 450, 370, 280, 247, 117, 392, 380, 471]
[395, 585, 570, 535, 492, 337, 168, 64, 178, 0, 332, 244, 511, 597, 746, 348, 322, 271, 224, 234, 570, 557, 611]
[70, 335, 402, 372, 383, 431, 360, 358, 505, 332, 0, 204, 276, 373, 480, 449, 520, 529, 488, 563, 893, 886, 934]
[273, 538, 586, 553, 545, 501, 365, 300, 415, 244, 204, 0, 271, 353, 507, 245, 321, 346, 312, 433, 804, 783, 778]
[293, 540, 648, 623, 649, 702, 602, 561, 686, 511, 276, 271, 0, 97, 235, 410, 533, 589, 564, 702, 1075, 1055, 1033]
[386, 620, 736, 713, 743, 799, 696, 650, 768, 597, 373, 353, 97, 0, 165, 448, 579, 647, 626, 776, 1155, 1131, 1090]
[470, 653, 787, 769, 814, 911, 829, 795, 921, 746, 480, 507, 235, 165, 0, 612, 744, 812, 791, 936, 1311, 1290, 1255]
[516, 783, 826, 792, 774, 678, 514, 411, 450, 348, 449, 245, 410, 448, 612, 0, 134, 222, 222, 401, 782, 745, 652]
[591, 843, 863, 828, 798, 659, 488, 377, 370, 322, 520, 321, 533, 579, 744, 134, 0, 101, 123, 295, 664, 623, 518]
[599, 833, 836, 801, 761, 597, 427, 314, 280, 271, 529, 346, 589, 647, 812, 222, 101, 0, 46, 195, 564, 525, 443]
[558, 788, 789, 754, 715, 552, 382, 269, 247, 224, 488, 312, 564, 626, 791, 222, 123, 46, 0, 179, 559, 524, 469]
[628, 813, 781, 747, 691, 479, 327, 236, 117, 234, 563, 433, 702, 776, 936, 401, 295, 195, 179, 0, 385, 356, 377]
[948, 1064, 984, 956, 881, 625, 558, 535, 392, 570, 893, 804, 1075, 1155, 1311, 782, 664, 564, 559, 385, 0, 59, 345]
[943, 1073, 1001, 971, 899, 644, 563, 528, 380, 557, 886, 783, 1055, 1131, 1290, 745, 623, 525, 524, 356, 59, 0, 286]
[1001, 1189, 1148, 1115, 1054, 819, 689, 611, 471, 611, 934, 778, 1033, 1090, 1255, 652, 518, 443, 469, 377, 345, 286, 0]
